3092
3607
5158
8227
7317
6686
2843
778
4470
6393
6321
6842
6089
2475
4375
2281
6906
4649
4288
17
5323
1852
3467
9512
8706
9351
2431
9463
9834
4260
5772
6499
3181
4164
113
5537
4675
9323
7521
6635
8553
4766
9057
6108
3746
9173
4910
8509
1689
6956
8307
3972
6096
5097
4097
6914
8270
8132
7425
3729
609
3407
8181
5845
5
4690
1932
5225
7855
2433
9349
5112
8069
1447
1085
6856
3034
8419
333
2286
4760
8773
9847
5186
9615
6639
2133
216
6306
434
9303
3110
272
1191
6644
4359
1594
2086
2914
6204
2035
4753
1776
1592
6021
4730
1809
137
6822
860
5754
7222
2018
4584
4006
5936
3479
6757
7330
2897
5169
7532
61
9560
4575
5669
5106
2333
2836
7678
1724
4864
6807
2896
4028
9026
4467
8413
6873
7999
4578
9706
4089
6741
3975
9285
9536
9591
8438
7160
1276
4961
5252
9864
9035
401
4594
934
12
5456
2979
3083
9154
7811
1939
7852
8296
5393
7459
1810
5326
5550
7584
1307
4253
9012
8180
9368
1303
8977
4648
9302
8860
2691
8610
1747
2811
9932
784
7600
9199
767
8952
5314
3466
3663
8161
1281
4414
9709
8886
4865
4311
981
5884
6824
1539
6048
1735
1415
8318
2791
7832
8569
6054
6617
7942
1628
7566
939
3211
3635
5466
1396
7441
3653
2282
8222
2814
1098
6170
2786
6385
3220
7272
2733
1558
8206
7064
6298
5491
6180
2846
6256
5771
7063
3793
4945
1041
5607
3667
1925
581
8932
3961
2466
2029
6384
4885
5146
8521
700
5731
2309
585
7066
7115
3469
8192
5002
7928
1177
9370
3295
4437
9953
3457
8283
4213
4719
7562
623
730
6932
1668
5506
5618
5562
7159
6536
8693
3913
5500
6421
3314
7437
3082
8528
2124
8353
8794
831
3564
4789
6759
7719
9942
2026
3093
5072
4695
1547
4822
6860
2421
6972
5788
1365
4049
7921
1099
9952
9652
5271
5645
4501
9069
506
2981
1278
1733
1338
441
6184
7685
6413
6265
3810
9431
8235
406
2837
2641
419
1633
6893
7951
679
3130
1980
4829
7648
4365
1412
6833
1828
4700
8711
1211
9665
2354
2808
7329
8247
4385
3103
8148
9100
3433
8836
1335
8558
4476
9943
8979
9417
1139
9683
6445
282
9156
5764
336
8246
4801
4346
3331
8205
8554
5452
9963
6082
7582
9357
1717
245
8200
5315
7194
5411
7287
1299
7551
5707
2955
8869
5545
9375
2409
9280
6020
1786
7158
1638
1859
9628
8361
1567
8371
5789
8542
7655
6433
4630
3388
7968
4826
4604
3911
5037
1295
3814
5692
1758
614
3439
3256
5985
3101
8158
9631
7639
8990
2611
6166
2165
4986
6117
1837
3895
1293
3740
4820
1533
9998
1871
4906
1806
4825
7156
2486
4970
5316
8995
2533
1472
4909
2019
5892
4408
8145
9925
8170
5981
5531
5183
5714
4484
3010
7822
3853
4043
634
3376
3338
6909
49
1314
6252
3565
8154
9733
9325
1773
751
1956
2901
8393
7452
2114
5839
389
4060
7588
3417
7236
6327
9257
9409
9659
5286
2637
6796
3023
4063
7286
6513
593
6218
9699
4951
4154
4143
912
4266
271
9309
5348
8588
2336
3933
6481
9843
1529
6257
3124
251
369
4824
52
5398
1117
1749
552
3169
6171
1004
9288
9365
861
2442
9979
8445
4977
1377
7028
8788
3884
9790
158
3539
8506
1613
6883
2980
8309
2736
9572
5730
1991
8277
2707
5991
5718
4277
3750
6503
7323
7573
5732
622
4854
2793
8458
3354
414
5650
8196
9020
8229
6453
2754
6641
7913
7598
1446
1537
8239
5889
4936
1224
1129
6448
6755
9681
3697
7480
2056
7972
4506
9981
227
2547
9924
2351
2120
1573
6847
2083
1658
23
2612
2727
424
874
8754
4021
5136
9061
7487
8884
6912
577
1919
3269
3744
8121
234
3935
8182
9169
9884
2912
1289
5695
6378
5814
7710
3838
5776
5396
5486
5619
8842
6024
6925
4527
6343
3969
7061
1145
4505
7417
50
7275
2961
7656
1320
5380
2385
2076
2267
9401
5313
3902
2516
7663
2016
1325
4020
3504
1308
2441
6176
6919
4252
4485
6928
640
2390
8555
7306
5948
7751
422
7451
7120
375
8581
3763
5129
3788
3272
3889
9992
1906
206
8203
5163
6781
5688
3580
9747
4955
9738
1058
4321
1542
1068
459
7001
2361
1155
2698
8107
5858
2362
9053
2766
5918
2241
5471
3555
4492
8014
1092
8220
9537
579
9340
1162
6538
9703
3946
5783
1739
3500
655
793
407
1882
4383
4816
433
4489
2785
7101
7128
5964
7075
501
3000
1757
7911
7154
3591
8117
9766
6485
2804
7127
8620
9670
7349
442
5447
980
9290
6663
769
731
3158
6623
928
3372
799
9928
1830
9533
7405
2783
961
1106
9244
2624
814
232
9705
9869
4363
8657
5599
6666
9690
5179
696
6157
749
1302
994
9267
2598
54
7645
3428
6581
1708
2714
2967
1473
3891
4090
7151
3298
6990
2697
8273
8474
7422
982
9911
8022
2459
5008
2890
566
7391
7853
8767
6724
5143
7147
2536
1399
6139
9610
7520
3695
3146
992
6261
3142
5704
692
1254
1288
2545
9062
1109
5594
862
3335
9600
9114
2894
5013
8778
9450
5335
8655
6219
1184
8079
1948
9449
1468
1179
6195
6535
384
6878
9123
2099
2895
7240
6169
6022
1944
5984
3989
7578
7923
1975
4192
2250
2279
1808
4902
8963
6107
6294
7603
7745
3249
1988
5014
3915
8897
3678
1327
1199
1836
102
2970
4389
9235
3698
5130
2232
431
5418
7885
4472
1644
1235
6965
2504
6606
7439
4671
4025
5890
9668
5847
7651
5069
2479
7597
5829
3
7616
9516
7024
5969
1154
9696
4848
9506
5947
4249
7340
1044
5962
6392
9147
2537
7768
8016
2430
1654
5280
1245
2453
2292
5333
8760
1252
6720
1372
7494
2151
3395
1985
5501
5637
9004
3782
6317
2976
6830
4813
2807
4662
1829
3797
3870
2408
2391
6826
5099
6310
1888
4403
3867
7176
5454
6471
3333
9265
4954
2831
169
4059
8043
2484
7540
1955
6608
7314
7404
3381
4440
4416
2069
3336
4074
1627
5278
2523
8904
1581
8925
7134
7135
4411
3845
7966
1234
7726
7652
9148
5742
4291
7896
7559
2806
7324
8344
4553
259
1870
5064
9559
445
1300
4795
6654
4086
8216
5416
4136
4739
7274
8091
935
8905
3450
3318
5717
9239
9002
3547
930
732
4601
7607
7941
6152
2153
8010
5119
4703
3977
2371
1799
4555
508
1957
3566
3534
7621
2314
8600
2790
3589
5227
737
8340
7163
8852
6831
391
3824
44
8244
6761
5554
3574
2494
2141
8552
2344
5509
3593
4948
4012
9165
2457
8494
1524
9545
1344
5111
9298
4893
1260
3224
7961
9007
3390
273
4274
3430
1905
8388
4194
9178
3214
3157
1941
959
6792
8059
703
4354
5006
886
8559
378
7908
9430
9246
5198
8612
4336
5639
9229
583
9550
5612
3053
8213
3054
3990
5848
537
3165
5760
8614
4697
7868
244
6858
791
8238
7466
9389
1218
4210
1761
6039
6618
4858
7906
1122
2237
5469
4073
4335
9570
9799
6224
9140
8436
1910
7802
6258
5752
2600
324
9248
915
7634
4048
3676
2058
3960
4156
3888
4120
5181
5649
2767
1077
918
5366
8426
7614
6181
7502
740
5577
2324
8254
4545
9094
3623
1319
9682
9967
6677
8097
2781
2683
9771
9027
8366
5970
9913
4520
3004
7089
1315
5485
4897
55
3255
1536
3745
3991
4707
1336
4787
8929
8536
9547
2986
2540
1497
5898
3468
970
2862
5827
7903
4869
5382
9269
4691
6908
2493
2089
6738
197
4972
5745
3992
3520
8500
7282
4860
5767
1705
8253
1009
3790
9728
736
8984
6524
3463
6287
6528
1141
9945
1436
7676
6370
1116
6236
7332
1079
1935
3342
8502
3896
4873
9562
5360
7382
4240
7820
5505
7724
3441
5248
3886
8464
2187
4767
1229
4008
5682
90
9919
5343
6423
207
7220
9334
3976
9470
7669
3470
5085
8164
1552
5503
789
5849
9640
1725
8875
4639
3316
5165
6987
7499
1970
7536
9773
6498
9741
1920
3634
3939
6407
3618
4847
1435
48
6319
258
2460
7750
4371
5844
3073
3375
8820
4207
1364
1443
8918
6612
6372
6036
4344
3297
8683
6308
3208
3666
1273
1074
5199
5617
9052
1113
4792
3121
9580
7342
2798
5100
6628
5244
4717
2887
2428
9744
9848
1196
3048
4952
9133
8618
2034
5972
1222
4122
5817
4564
3611
9423
8665
4263
5055
7172
8589
8975
4684
1930
2458
1282
4827
2052
188
2341
5791
1868
3286
8667
9181
295
9151
7958
2220
7186
1992
6390
7035
125
6247
5061
4372
3738
5473
3038
8034
9459
2845
1694
2392
8143
6295
2148
8624
6697
4679
5170
1647
8324
3671
103
5218
5628
5663
4890
550
6935
1027
76
3669
3540
8149
5423
2123
5180
3517
6266
7244
5308
1261
4747
4588
7570
548
2110
5796
627
1376
8744
1426
4806
5256
5200
1713
8608
9680
3505
9907
486
6884
7014
4710
8895
5383
3347
2113
8853
2581
6622
7479
1847
3263
8308
564
1839
3523
3300
3445
8654
7734
1064
1146
7221
762
800
3751
683
8093
7238
6585
5525
5938
4963
4985
9260
8568
7431
9211
1575
7722
6561
3480
9511
3313
5748
9474
2050
3687
1476
2507
3916
7770
9176
937
4203
3399
9452
1167
6260
82
252
1225
9189
6488
5593
2672
7174
3107
5552
4058
6049
6880
4878
2135
8585
1866
4655
7508
5081
7077
5603
4949
9951
4570
8634
7029
59
3535
105
5281
8937
1721
4199
9613
4782
7878
694
7525
6441
4567
9187
7092
65
361
4095
1280
5874
3363
515
2602
4412
4928
7845
3374
4528
141
6458
7318
6816
2383
2645
1583
9623
3242
3685
7558
7046
2621
1043
8871
2139
3682
9143
7625
3800
1032
5911
885
4654
6057
1456
1337
2090
1569
3837
4129
2541
1516
179
4449
516
2717
2615
856
1014
7283
8607
266
2730
3455
9950
4232
6428
3724
8259
6470
9190
5267
9366
3880
1147
5786
2202
8907
2271
396
7009
6652
3387
1351
8885
7365
8643
8505
2816
2329
3851
9231
6843
7657
798
1461
7618
7013
7577
4615
35
8649
5680
8450
8212
8382
8674
7155
596
6774
4374
7020
3487
9820
5299
9758
2992
4358
2109
3712
6017
4659
4474
5024
8900
4833
9829
2917
8522
7728
3311
5822
385
6006
4069
7432
2907
3882
7840
2596
6162
6314
3475
6703
7918
812
3675
7293
4271
2426
8815
9757
3993
671
6348
3892
2923
8123
3828
1545
1702
6879
3760
8695
8950
932
7611
5468
9005
7083
4915
1703
417
2143
6138
4144
1653
1453
8531
6469
6002
4895
5275
632
3999
2150
6597
2568
7533
9974
6235
690
1886
8514
89
9612
505
8967
9116
9937
5605
3162
5620
1390
4125
3348
5219
4257
5935
7707
2799
1489
8577
3893
9223
7720
4189
9649
5873
2376
5168
2320
376
5104
6323
4616
6798
298
7165
5355
4294
1605
118
1820
7150
4937
7816
8006
5035
3759
145
5277
3628
2524
430
8000
2031
9099
4599
1656
7587
1596
3193
9034
3456
7579
5672
2191
5994
8087
8425
7503
9717
5367
6886
7131
5624
4704
2483
7198
202
9592
4960
9782
8210
2096
8556
2411
8113
3247
3575
7069
1887
3777
7438
5630
7815
1142
2270
651
1683
7003
9105
2855
2768
9784
1614
7495
228
4769
5856
9539
3125
1812
9498
7996
3153
3276
9890
3974
4968
7893
3861
6093
8065
8248
5019
5915
1998
4568
1086
4596
5793
9447
3168
3979
8861
4849
675
5201
7141
1900
6329
639
8865
8792
4590
5001
1623
4754
1586
2847
8015
8742
9759
7847
3872
18
8264
429
2558
8446
9529
9994
6753
2802
4341
1339
7210
6238
590
9486
5142
8437
4024
7862
6426
7898
4580
6674
2418
9487
9086
6353
1811
2101
2436
7408
1692
5904
7529
1788
5070
4040
167
4979
6516
1490
6547
9478
5787
2826
153
6953
6361
7326
359
7693
2649
2576
3627
7076
1974
8073
5836
4466
824
6216
6983
2415
2776
5490
1784
6118
7435
7239
804
8999
2136
9171
6150
2974
3058
6821
4836
7801
4124
3481
8455
5609
4698
6379
5060
7716
3274
6575
2306
4259
3659
3161
9894
9889
5213
5053
268
3615
8186
3785
2663
4984
2994
3846
5887
5801
6349
8461
9299
2871
3049
6359
9092
8359
8557
6537
9802
4634
8583
3560
403
567
248
5611
9815
7473
4660
8882
9275
6862
2632
9997
7355
8919
4777
6286
5102
2375
1842
9700
5977
8120
8567
2246
4085
3776
4205
9466
1771
7319
4670
408
2795
490
3617
6959
8427
2041
9063
4454
6601
3905
9642
192
6543
5022
521
8783
1568
9854
8421
999
630
7789
1022
1165
3919
4783
2582
2084
9734
1550
8691
3431
3393
6640
5109
7205
4111
7449
8162
9899
265
3815
2556
955
7842
5715
6363
6855
6692
8680
5152
2666
2829
1216
2112
3835
872
3365
7049
3414
6818
4261
4808
6685
2548
9209
1024
5588
1503
7733
9826
5914
5108
1251
1846
2589
3836
9009
238
693
1561
2573
890
5944
797
882
660
3679
5434
5902
3869
8763
5189
4322
562
4541
9819
775
4946
1271
973
2397
7281
19
965
4752
1368
3202
4026
8974
942
9844
4426
1328
7269
1233
896
626
7971
9445
5868
7429
6060
1971
8423
3859
5555
6900
1355
906
3718
9128
4067
3903
6530
8821
6468
9865
7817
9221
6472
5828
4329
1527
6243
4401
6315
4118
9606
9583
2068
8442
7388
163
7079
3427
5465
5480
3459
8136
9824
7478
5123
9966
951
3637
3150
4175
3369
6146
2543
4237
2339
7624
3923
8298
2954
1257
6545
7766
2926
541
8351
7199
5895
9828
5305
8616
9841
3173
7900
5728
4996
8622
2010
1425
3554
9926
6175
9411
4355
7835
2401
4517
895
5190
5953
1486
6250
4774
6583
8672
6211
9641
2450
7797
3864
4499
3863
5802
3741
6191
996
1205
5302
1707
1080
2945
8050
684
8596
4837
5610
301
2302
6085
7467
6579
7935
3771
5191
9226
8052
8477
4694
1994
6031
9939
5800
1131
3873
759
4975
5510
6505
6653
4811
4170
8969
1729
1285
1114
6496
610
8282
2419
304
8628
3118
7414
4966
923
7583
2880
7838
9355
657
9688
7389
4430
5582
7534
944
4450
3947
260
4582
8243
8045
9198
2173
3228
5883
1987
3755
9914
1420
5071
6125
7137
4201
7571
1926
9639
329
3692
3957
3326
9695
470
6490
6483
1400
9814
974
1454
6131
7513
6696
6718
6837
5495
7227
2222
6232
8696
2107
5269
7123
3403
9501
6034
4751
3787
2350
7099
4828
7932
2394
6405
3492
8122
7311
9304
7965
4303
3822
9287
7711
3086
1911
513
5702
1323
7602
9595
5840
1620
8228
5698
5660
8312
5084
3926
8755
3189
9191
6936
4686
5134
5998
6598
9691
8262
2170
768
8346
3688
1269
9029
9387
2477
1660
1163
7687
5489
4367
2131
4157
2007
8652
4181
2357
58
1754
4768
5956
9367
5540
8782
2593
9060
2291
1508
5973
8664
4093
6101
9873
8881
4334
869
6004
2570
3606
1936
8306
7926
5961
6811
7555
7767
2959
6572
6800
8409
6095
2387
5838
9163
4868
8551
5553
4446
4921
3613
3647
8383
7608
4172
5066
8976
4729
2825
6863
4749
711
1665
9342
2091
8068
8326
3661
3962
4338
6605
5681
5737
8490
6389
1663
7093
517
3485
4726
2868
4061
4228
9242
5206
1549
3437
4195
6531
9206
5354
3883
1551
8733
3035
6185
4788
4174
8891
6921
7830
6149
7626
7268
9228
3453
2077
2863
4524
1591
8621
1419
2735
3900
2775
8806
1673
990
4525
9108
4282
5646
8745
6679
1321
8189
1203
3733
2290
2891
3006
2255
3332
9995
9261
4618
2334
4919
7102
2158
5279
1610
6710
4133
2564
1357
8890
6927
1464
4347
7543
4583
7411
111
8566
1699
2532
4992
4424
803
5561
941
8705
8199
9019
8671
7875
22
7973
1780
9160
9282
3717
7644
5544
5634
7032
306
6311
3631
9379
7146
4285
6748
1035
5815
3030
7986
1655
9578
6404
5579
503
3737
5091
7162
9358
2388
6296
4248
6780
8422
9697
3062
8061
8075
1209
8193
8663
5661
4692
4585
8080
460
3955
9331
7416
5017
2465
5917
4956
2440
4701
820
854
5608
171
5613
9276
151
9439
3649
4724
3136
6227
8715
5954
6957
4540
880
8887
7045
6312
6464
2289
7357
1772
2567
1322
5595
8333
9518
4010
1805
2987
474
2180
5427
5988
6477
6397
8160
4759
4094
938
9653
1840
8109
5415
904
3160
390
1709
6540
659
9499
6360
1816
5207
8448
1584
2438
2988
8666
5642
6304
5432
2654
9410
765
3236
181
5804
274
5734
5187
2330
8152
4554
3549
7995
6160
746
3910
2662
9745
785
5018
528
4628
4666
6719
4674
1348
1306
8945
1602
5826
1002
6985
347
9286
6077
8957
3723
6514
2283
7709
3222
5342
3046
6200
9101
5879
7706
4929
555
837
5812
4208
6417
4802
173
7777
6578
1962
6382
1902
5116
2525
691
5833
9674
2521
5832
1969
922
8398
5453
7228
2973
6289
7792
9451
8615
2939
3091
3927
1457
312
7307
9144
1442
2724
677
8418
5257
9725
1019
3180
4044
6444
3986
8753
5723
60
9563
4647
1848
3366
2557
4421
2037
2658
6614
4380
8432
6839
2517
5301
7938
8260
3195
1286
1228
4758
4663
284
7202
6905
9473
9253
2777
6772
6153
1513
2578
3233
4898
6688
4053
2511
7836
8686
3373
7040
6109
1407
9461
4211
1670
669
887
2432
1049
6787
9135
9
428
7270
1817
457
2500
2998
2985
5110
7638
7574
5224
1006
1259
6705
3026
4574
7481
4851
6430
8723
1182
1502
1695
1389
7944
2298
2653
4640
1126
4542
3339
2055
2842
4803
1176
1316
8604
3699
6747
5167
1267
3596
3174
9647
2597
9978
4497
9621
262
2997
2527
5893
4823
3159
4636
5636
2449
6159
916
4821
3909
2063
2293
5519
5138
1181
3253
8811
4493
1606
903
1972
8996
8513
5470
9770
7542
4901
1025
4064
3645
2514
6194
264
8188
7185
4644
9927
3532
9634
436
6479
5965
4995
20
7628
7002
147
4959
6553
4500
6316
2882
3482
9601
9921
7688
5482
6852
8013
1504
3163
5074
726
5228
995
7512
2782
5379
8544
9008
7754
7886
9892
7619
2690
3677
7246
88
57
2772
1608
4182
4982
2001
2938
6290
8989
3973
699
4384
1124
6206
8888
7737
1562
8928
1872
6734
3789
7164
9003
3145
7112
7977
7895
891
386
7807
1105
9150
6419
9618
2948
533
7225
4217
7124
3684
1609
6969
6749
972
7111
4481
5739
1481
4665
8935
9104
7704
6732
7406
6844
6046
2692
81
5627
3361
3122
3683
5254
754
9107
7747
3296
5467
9677
3359
8226
8141
8404
3011
6550
4180
1538
5036
5632
6573
3901
8100
2234
2260
925
8460
7691
1535
8734
6394
821
976
6982
5455
3496
2212
4598
4148
3827
1875
3215
283
7016
8769
482
6795
7055
8982
3918
4844
2609
3681
9956
2965
3809
8454
156
6291
3447
5567
9091
8138
3707
7208
5923
7474
6515
3360
356
6832
2619
5155
3704
599
2608
4077
4477
7796
5356
3736
6434
5983
4908
681
7413
6487
3585
8202
7556
5665
7118
3716
3328
4853
7953
420
7567
6943
6497
2004
5896
1779
5722
4127
5260
2820
6693
1544
3854
8125
7271
9301
3005
6701
2316
8843
1231
936
6366
558
7987
5606
1238
3307
9880
8468
2317
210
2318
4892
5784
5551
8777
2172
7105
53
8063
9675
5345
9903
652
9804
6064
5933
1424
1107
7581
1884
1394
5284
9569
8864
9657
1853
6695
5233
3594
7178
9882
64
277
9513
8893
5743
8573
4310
8415
9025
1270
1202
3443
6387
223
6248
3715
7631
7605
9193
3410
5774
6380
8537
1416
2396
8064
8115
1185
33
4491
4239
9735
6841
2105
2199
2184
3041
247
6102
488
303
7749
5989
5378
6225
93
8910
1743
9352
4537
5785
4103
8751
1462
6874
2789
8991
6249
7897
9991
7108
9255
6960
1590
404
841
2815
3423
8443
5598
1914
4343
7790
7505
4880
6126
2027
6025
6129
6309
3068
1418
8
8879
4715
500
9949
6566
5587
2138
143
3001
5450
4483
2859
9961
2712
9096
370
6486
3821
5121
635
7398
5535
6074
3921
807
7098
5625
8627
6320
1073
3662
8104
1297
5782
8538
5264
2473
2470
325
6870
5534
313
1346
3936
6100
8491
670
1986
3191
3495
2549
964
8796
502
2254
5805
7095
2577
7144
5031
9428
1742
9320
5461
2305
7643
1525
7539
5328
8970
9292
3419
1183
1409
2659
332
9281
1378
1506
2378
1121
7107
5004
5442
4617
6197
7727
8292
792
4478
2958
8315
1421
2263
8005
7659
733
1864
7671
2723
7218
5770
3090
7456
456
3842
8771
8440
3576
4275
9070
8669
4490
208
9715
825
8768
9162
467
4022
5339
9172
7735
3421
6760
8712
7985
2818
2911
62
1896
437
8775
7518
7407
7292
5846
4128
1356
9598
5026
9788
591
6198
7858
2688
9429
9408
8127
3932
1166
8746
7800
3673
7110
9980
7296
16
8572
3288
6345
5652
1369
7193
4190
415
4840
6242
8902
4254
2563
439
4427
8781
4219
3099
4173
3546
8156
4267
9093
7184
8301
8039
888
7353
9289
600
1236
4241
3392
8547
4415
253
725
1093
3135
5052
8901
1843
9792
136
8233
7477
1768
4667
1560
6003
6346
9308
8195
9538
2446
3981
9371
8441
3166
7979
3640
2929
3077
2739
4197
2000
255
9324
8151
931
8496
8271
729
3190
4705
8485
5549
1787
6277
2528
5318
6907
1227
6820
5584
4388
3418
1790
3149
7132
9216
9220
4818
6835
7468
3984
8354
646
697
468
2660
9491
8978
9126
1110
7226
249
4881
25
7757
9878
3998
8793
9432
9850
9505
3735
4737
2618
3850
3686
2399
3172
3384
2244
3345
3963
3230
1893
2057
2734
2474
8750
1067
9161
7470
9252
7121
5696
6634
1746
8640
9059
4780
2585
9633
9530
9118
9523
5384
5012
3958
3725
4287
9071
4560
5433
2898
219
6736
7142
1152
2991
4112
7262
402
7138
551
9837
6967
6805
2503
6132
7819
3449
5580
1279
8590
9876
2407
7563
949
1334
3175
4624
2040
9985
9586
4605
9861
569
2437
3786
5410
9519
5768
9849
6619
8824
8923
8710
352
7506
3128
9369
3602
6962
7738
5293
2839
377
3858
3177
4643
4521
1891
8525
8111
8067
5676
6564
1904
2259
1722
4487
1452
2830
7360
1153
1785
4911
6230
8323
4809
5479
6375
2874
9702
63
2095
6899
2949
7630
4905
1206
3198
446
8784
3471
4488
5273
2181
6045
2794
3349
3713
2633
6742
7623
846
4186
7085
3312
9067
4370
3287
6976
2512
1885
9655
8478
1518
1169
9115
2590
7380
5719
5590
7249
4169
8217
4402
1358
3187
7914
9838
9785
9444
9968
5870
4027
5690
5417
7741
4052
5729
443
7252
5508
3194
9644
1445
8392
5270
3928
5476
3672
8605
8972
666
1010
2427
2223
6680
3493
9132
3278
6489
2425
4137
1383
966
7280
6280
9724
3925
5124
6267
7017
116
1263
2266
7476
5332
5924
2931
560
7523
5377
4119
4381
7907
3526
6534
9111
5373
6791
6328
8402
6134
1629
4571
6764
6785
8396
6158
2454
3434
6934
1213
1918
4445
9454
1427
1392
4509
1570
8347
8166
664
8476
6411
3994
7554
123
240
6075
5504
3545
2321
9842
1680
4226
5808
920
38
7674
2694
1075
8731
5527
6949
5065
3917
917
9868
6777
8428
7073
1465
5073
8802
2531
9964
867
4015
796
3324
1791
6178
7497
8541
6037
8578
4728
4050
704
5951
2140
8832
7586
6201
1684
9789
2380
8964
2769
7920
8721
4394
1928
3155
5877
8337
6044
8231
6633
8626
3819
2352
2311
6292
1511
3258
6766
1563
4353
8766
5262
3227
9224
4215
5798
3551
250
4019
9944
8988
4475
4465
3452
4293
5855
4110
2064
4547
7082
5250
9660
2763
5419
2395
776
3804
5569
1291
2
4798
3210
5047
3267
9153
3291
3805
3477
4350
9251
8370
4791
7279
8487
6554
2506
2157
6865
8645
7203
3629
8088
8373
5007
6033
4066
6234
5502
6439
1275
7119
9073
32
9442
1741
7256
9391
8998
9712
5575
5834
5905
9492
1375
3438
8286
1789
1698
8801
5712
9475
7701
5063
4473
5249
226
5831
1410
5657
4832
4748
4151
3512
7450
4765
9271
4456
5135
9982
2565
5209
5009
7312
584
2853
4117
1294
45
5725
2230
7978
4529
3425
1740
1554
47
1265
3474
1763
9395
3245
3890
7997
9433
2463
2144
7258
4994
1862
985
3144
496
2644
2551
6944
4917
835
2750
9800
9704
897
4390
534
8076
3633
4218
4214
5865
6592
1626
4861
568
4305
6570
1239
7224
7304
4076
5341
650
3102
3132
6429
8395
3358
5499
6502
1374
9022
9166
840
8985
9218
8651
2416
5216
9693
1526
1901
5401
56
5028
7575
8173
2424
1834
7589
1052
5901
1579
8431
5939
5735
8211
5426
4345
2606
2588
5851
7946
2038
3250
97
2163
5592
2020
2308
6188
6420
1151
1977
9041
2108
1697
4468
5769
6740
299
9268
9571
4504
5643
2355
7308
5777
9139
2252
4709
2402
3812
5311
5394
4300
6649
7666
6412
7902
1499
8285
8765
8336
5403
8134
4903
5967
5763
8007
1927
7372
9453
1894
9756
7793
5051
2464
645
9564
7568
1125
8747
4673
9237
1324
104
6331
2300
1696
5385
2978
7007
1523
3273
8948
4607
3706
4991
5137
2604
9662
4794
4696
760
7375
9711
6425
3839
7401
139
9597
3003
4689
808
4835
7237
3855
395
1274
8915
4098
5795
7916
5700
5835
124
7374
2630
8453
8295
212
988
96
1993
3914
6226
4920
9455
6272
3016
3632
1714
838
7943
5438
7295
3137
8084
2879
5369
7700
9508
5773
4206
5261
9805
458
4461
8872
2605
7139
9769
1755
4733
3614
4032
9406
6418
1373
8176
6733
275
6005
2452
8870
7464
5532
795
7366
9196
3037
4004
9313
6559
520
2434
1138
9420
8321
8011
743
8139
77
4324
8184
8201
4224
150
8467
2097
8527
4158
3559
1038
3906
5640
9179
3524
4247
1277
8153
7794
2036
745
4238
7008
2204
241
7877
7291
4725
162
6027
8812
6337
5871
547
3620
4297
3055
979
3690
4142
8386
6484
6882
9262
794
2340
6302
3956
3039
9378
2885
7383
8883
9203
343
8593
339
5439
5420
130
4872
3964
2236
1559
2828
7863
8103
9407
1401
8219
2865
8424
8526
4557
8489
8844
5912
9214
2809
4348
4393
678
7779
9462
6655
3515
6223
4185
4980
9534
8983
864
7447
8951
2268
175
7309
8040
2106
2655
5428
8971
4255
717
43
3378
2369
1903
1428
3823
1020
9730
4812
6683
1350
1877
9584
950
9930
4859
6210
7781
7732
270
7775
617
399
7758
4511
9698
9596
3528
7594
3204
3386
172
3506
6220
7400
3943
8447
5059
3920
3127
9376
2482
8191
1283
4882
5094
3321
6915
4678
2313
9714
2198
644
9201
963
2982
6994
7166
2834
3052
4950
9971
7183
2194
1512
1983
3206
28
230
6066
1028
5900
6148
388
1272
1
9405
604
7976
1989
495
2656
2867
7538
9441
8356
5966
7795
5362
166
5971
7496
3831
8481
9054
4591
3600
9215
4131
6061
8187
4512
5615
4188
3966
5686
9630
4814
7884
620
3221
9168
2956
6059
8839
8679
8434
6026
2489
2039
5298
2368
6080
5571
4068
7301
9414
6621
9048
7755
713
2902
6762
771
411
8805
8899
9033
6336
5496
8512
6073
4633
2620
9314
9227
5779
5021
3624
4621
1751
7216
5960
2937
1094
672
4899
3856
5758
5633
2674
2787
3952
3019
1727
200
1434
5604
5975
7526
4106
6365
526
4597
1011
8917
8171
3303
3664
7989
5885
9495
3341
3552
3978
8699
2817
8653
6012
2607
5790
5908
1381
8507
267
3871
410
4550
1240
4258
2175
673
6868
8081
323
7929
8276
2715
4278
4623
4772
5810
2822
5570
8465
2002
4680
2233
2601
2934
5222
9716
4400
4091
29
9055
6356
6887
4761
2445
7632
2126
4448
68
6765
1959
9863
1037
8194
1782
1143
8530
3114
7699
4443
5497
8492
3951
2840
9658
4101
3597
6750
983
9689
3603
8053
7552
8619
8898
3665
8563
1062
4558
9917
2043
8168
6264
8155
7924
594
5086
5212
3959
9344
5194
3260
663
3625
4988
8198
8204
3040
977
9520
8048
7874
7153
142
9413
4265
1890
6451
1330
5668
6911
6500
9727
7617
4656
8803
8320
2648
5920
9113
6076
8961
1621
7984
6730
544
3514
4319
2685
7580
6079
4373
4723
3131
8534
9891
3412
3002
6552
586
5458
6028
2315
340
4997
5446
1976
7660
7231
4364
2964
4360
9858
9765
5744
6165
8830
9830
5958
1463
710
5164
7846
3143
2900
5131
3196
7516
6091
3584
3343
3929
3257
6240
9482
7773
7702
2614
1380
8592
8251
3281
4974
5813
1000
201
7339
2764
9016
914
531
1564
2642
7068
2709
4576
6604
9616
3031
1745
5556
6758
6364
3541
9754
5133
7409
7649
7161
685
5246
4652
7196
8532
6403
5211
3743
8035
6565
6801
3017
5709
3621
5088
1451
10
9987
5236
2161
527
6590
4298
1469
159
2778
6715
3400
1391
6806
7426
8062
5922
1403
2915
5077
9522
8328
1813
6509
1161
1774
1262
8403
1571
7266
6186
2921
3098
6556
7322
727
686
9489
8508
5435
2943
1431
8311
7528
112
5027
1326
5854
2686
7071
3488
8609
7140
6373
3185
4964
8822
6164
7650
4738
6903
3753
1566
2242
7341
6334
9296
8994
3791
7254
742
2251
4308
1345
3767
6802
3380
868
4549
3448
5347
1803
3454
5288
4184
773
9121
712
2584
3780
7667
1831
3015
8332
6208
6937
9836
1362
5431
6574
8692
4764
3764
2492
9962
4463
7541
7334
3117
7952
9175
6474
9888
1916
9780
3151
7564
7873
4944
5325
1207
229
7091
2022
7606
5516
7899
5011
9347
929
1565
6922
7081
5514
8012
8232
6817
9946
6661
2214
233
8495
5126
7197
1223
2304
9877
9515
6193
3422
2152
6136
9064
9752
6381
8847
739
2154
3209
2045
117
4082
504
8633
3299
335
6000
4551
7168
7859
3696
5329
9645
5095
6704
472
8390
1766
9037
510
9362
5083
4939
8345
7070
876
6576
8837
6580
9359
5196
2301
8993
1066
2342
7531
6377
5945
193
9112
9503
8225
2149
5952
6038
8304
6977
5042
2079
2485
9933
4349
4296
8021
5263
865
291
1284
6432
8429
1981
7550
9947
8463
7829
8959
1951
8003
2737
5576
9720
661
4677
4559
3238
2092
1243
3473
5093
3229
6991
2718
3217
5897
3579
4245
1268
9581
8484
9650
7436
8828
847
2971
911
5475
3071
5087
3357
3182
8020
6700
8707
2876
449
4887
4641
6239
2429
770
9109
5597
2261
9656
5185
6436
9787
6763
6251
6673
3282
2005
2103
6694
2247
8470
3731
1178
6147
901
7787
3573
2639
5067
2652
3401
9350
148
9354
6067
9082
2224
8617
2265
8498
2580
9210
4377
535
1530
9377
3219
4301
7399
2803
4039
7027
3581
5616
6299
3284
178
4368
3938
3367
908
199
811
2046
4650
557
7277
753
484
3592
4007
3094
8408
3983
8284
3995
6068
4096
3279
92
281
9643
857
120
9565
4625
2499
8412
8916
4770
3757
2303
2491
8456
7615
7613
6586
9363
8819
4362
2297
2801
5641
1159
5078
9526
3610
873
6229
3940
8856
9721
3306
1097
3770
5919
8289
3825
1433
3881
1624
2617
4507
2100
3583
1170
3980
6478
4204
4366
15
7427
7109
9827
6221
8236
2008
2073
2913
2373
5751
7955
6665
576
7302
8407
357
7764
2356
3148
8908
8360
6584
5049
4735
9839
2983
8764
9058
9243
8841
2518
6402
7522
706
2835
709
6122
2372
5689
39
1965
85
2481
4958
947
8325
7837
705
8582
2167
1634
8709
2295
3408
3953
7661
8678
221
747
6594
1363
9731
4742
5542
7969
4544
4819
4140
2203
7344
8472
1059
2752
316
6751
3543
9174
70
7397
4178
7114
5875
8165
7004
4037
5572
4556
360
7881
5547
8562
592
3734
1856
9990
1470
1578
3100
6351
9102
8493
1672
815
3212
2490
3261
3801
5375
9333
3945
8833
2678
7052
9993
6627
7725
3553
4391
9015
6568
648
8058
9811
5762
9400
1604
9258
5557
3081
5391
2155
6189
6737
9159
7050
8694
3816
8486
9398
1388
3648
8748
7785
8459
367
1475
4420
9236
5274
1756
3322
9507
4926
5853
6371
7104
1449
2456
6196
4041
6691
5756
3239
9468
9901
5221
5992
2177
6756
1625
7173
4947
975
8845
1198
9558
1967
3379
7157
7679
1595
8579
109
9555
9167
2904
107
7088
6546
1949
2534
2218
7933
8924
866
4857
4438
5330
2856
5724
6144
843
1639
5979
6217
3773
603
656
5711
1101
2326
7356
5586
3833
6541
3781
6383
6924
9382
5337
7791
6687
4843
6233
6416
157
6047
4407
9103
5886
6115
2861
8223
5685
4047
9528
7825
987
3320
722
3426
1370
5881
2746
2360
8914
1984
9845
9673
7957
4379
2770
4130
4732
182
9984
844
9117
628
9575
2610
6961
1180
5310
9443
734
3643
9679
7860
1556
3243
7338
382
1353
3154
9629
3557
1003
5530
8047
4017
8031
4225
8598
1042
2572
2647
8272
8256
3857
5931
9381
3205
4246
5139
7455
9396
128
3294
6533
2731
1455
6400
2211
1210
9718
9305
6137
8791
1674
6929
921
7970
1395
8703
1744
6607
7593
7949
2878
2017
3502
6659
4971
7887
7867
5242
4002
9274
6784
6410
6279
3536
4433
191
2881
3192
1861
3887
217
9938
3656
4514
6664
1128
5177
7486
4436
8208
2168
9582
7056
4176
3078
8623
3050
763
4904
4014
1657
6702
4072
2635
2780
2328
5670
9855
1825
6827
2669
4084
6744
7130
6869
9794
8444
7261
7420
1021
8565
682
4942
571
907
5038
254
4779
7381
1057
9554
9422
9051
1214
5215
1661
1676
4534
9972
6803
1666
4587
2995
6799
4734
5906
7149
438
8519
8953
8372
2343
618
1187
7730
8072
7809
2025
7484
7167
8263
8968
1137
4746
2975
498
2827
6018
5145
3531
7491
8252
5259
1507
1929
100
5806
6253
1675
8946
5520
31
354
4279
1237
9345
9726
3878
9661
2285
3899
2515
3571
7677
5058
297
133
7320
3796
4055
349
4139
984
8274
8479
5740
78
7461
8279
2389
9001
7444
7460
7462
2852
4042
3405
7507
9044
1643
5092
5538
6588
6120
2348
7043
1572
8330
5307
5444
9686
5524
9085
6098
4396
5957
5925
9080
5928
7443
2910
1510
5029
805
3518
4312
326
276
1781
2875
2208
6495
8697
7760
7103
877
1309
3119
1769
4233
4306
8066
5543
2673
1386
8017
6521
310
3651
8027
2774
6203
2227
7504
1034
7743
6778
7276
1220
3728
6207
8019
3432
135
4871
8092
9812
9525
6722
7175
3701
9923
4722
3123
9750
4687
2462
4116
2744
261
6415
8603
4318
4242
6713
1636
4109
4221
7377
1612
224
613
3876
3660
6891
5656
3350
2812
2117
4256
5397
1895
5245
6910
7954
3213
6996
5980
3302
1737
9050
9137
6562
6714
2245
9740
7917
4727
4469
4658
144
8275
8267
5515
9867
2239
9106
2210
9977
5120
400
7629
485
2501
2345
8041
7362
7901
9479
7482
7557
5409
9900
1149
9797
7872
455
9024
5891
9412
7912
7294
5113
8535
6670
833
8241
3639
7177
5852
5220
9336
3069
563
9076
2888
3711
6313
9663
2892
3241
3511
4183
5105
8242
1387
7686
9568
1611
7255
5955
8299
2366
1397
8987
3642
5750
851
108
3141
6657
2015
1802
718
8469
4223
222
8903
8909
2701
6872
9426
1045
6950
3293
2566
353
2053
5775
308
8717
3847
5809
3319
6711
9047
1164
2358
9742
7988
9087
8119
5370
7909
7243
8433
305
4965
6035
514
1046
3942
806
6209
6650
4262
5850
3843
4155
4563
6342
9809
1484
8343
6675
5934
67
1253
945
9049
748
2205
4538
5518
9125
2509
4593
6053
8147
6347
1172
394
1854
1821
4272
875
7206
9713
2115
5738
4586
5679
8520
6793
3577
8218
9312
6143
7514
9222
5464
6866
3582
5824
9185
3720
6525
1467
6112
5678
7253
4023
910
8684
6241
962
7771
6667
5238
1736
724
5161
3032
342
9532
1999
2726
4062
4685
5075
2071
3171
4209
6859
1851
5647
6560
9989
5746
5548
9751
9671
4523
432
3362
4309
3550
6769
2886
1189
1618
7708
1646
845
7299
427
3097
6446
6113
2014
392
5747
5322
539
6078
2011
5993
363
3251
6589
4471
2488
1298
1649
8044
4107
7833
4935
8497
5290
287
6508
374
1188
5629
8704
5320
2288
6401
1440
7680
8718
1617
2762
3849
1541
5517
523
565
9833
543
1087
7888
2665
4327
9194
813
9247
4071
8648
132
7065
7260
9614
3588
7848
9072
1013
7048
4830
3436
8757
3494
2365
1459
4592
9916
2919
6284
8106
1340
7057
601
8350
2182
2925
3061
6511
8960
7010
6307
9084
4270
7087
8129
5622
580
5125
4200
7591
6896
5015
9823
4486
3079
2353
3216
2849
4046
5422
5666
1258
5357
8089
3138
7780
5054
8334
6593
1798
7530
7126
1018
4561
589
8737
1946
176
7213
5978
5144
1889
7883
3283
4562
8545
1677
75
5691
7433
4212
7844
9590
6933
1310
4079
3310
9783
9960
8207
1632
8028
2384
8376
2467
777
2819
756
597
94
6939
7682
1095
6177
3829
7117
383
7646
6104
1290
9039
556
2560
6810
9915
1728
7335
7219
3730
553
8380
5276
9098
2599
5057
1664
2703
4264
1954
4841
8135
6569
7695
8287
412
8399
6283
1186
7714
3638
3020
321
8416
3207
5982
5160
3060
4369
902
1953
4087
819
3968
2905
464
2877
4891
2933
9638
8602
4796
7937
5030
418
3197
3346
9207
6973
4776
7798
1230
2638
8449
1679
5483
9464
1393
2841
330
6945
7259
3059
8293
7772
7786
5699
5659
5226
7721
1764
1881
4976
5651
1156
5899
3486
5664
9346
2909
1411
6324
9263
3490
9233
8727
1406
1404
4661
1133
7209
5173
9483
2162
5946
9219
3315
2574
7654
9374
8510
5203
4543
3644
3325
5363
493
189
1931
7553
7939
8873
4480
2747
7548
2122
9685
9970
9436
1301
3670
8305
2061
4632
9129
6966
5866
6709
6422
2720
9403
647
1630
9188
6853
6739
9931
4699
2796
5429
6424
479
9360
6442
6408
7390
1966
8009
4376
8300
3120
309
4657
7369
8310
2379
1255
1997
3769
9622
9329
509
5533
5536
2197
2051
4009
1441
1922
3088
7037
1430
6473
1070
750
3356
6350
9326
7950
1246
8858
8086
2966
9692
7879
7880
2193
8517
2824
6088
9775
3317
5591
3012
3218
7612
2579
4502
2439
5596
4161
3063
2476
1915
5528
8681
1423
621
6881
9477
4731
8708
8209
6571
9840
2275
296
8533
7831
174
8401
4876
7865
7627
5251
7959
9110
341
3608
4162
6183
8682
5842
1940
8570
3179
6097
5253
8933
2294
649
9540
8397
1051
6263
2377
7247
6743
719
3022
2977
346
8740
5361
2075
4361
9732
2278
7054
5860
1961
721
170
211
440
2613
8511
6482
4382
5888
4866
9435
8637
4202
6690
462
6975
9341
4243
1158
6214
5674
2883
5080
7762
6090
1514
5578
1031
4608
5614
4234
2498
2256
4933
7806
834
9097
98
9119
7215
5861
4171
3714
6947
8316
7670
2116
6297
3806
2231
2272
9056
8124
5229
7354
2745
6948
3503
1873
2510
4269
344
9548
5477
5673
2595
5697
8105
4518
3234
66
7535
2640
6437
3766
3164
6367
1775
7188
9497
1115
5963
7864
3047
2505
4121
3225
529
4428
2398
2559
1033
1103
4784
8163
7257
6845
9088
2403
3775
6071
7078
5368
9646
3832
9500
6548
7385
3852
2253
2422
530
3024
8876
8523
9397
1084
5208
1023
9589
3572
4092
5016
2024
7192
7572
5353
3694
4863
2307
7857
8966
183
8668
5395
817
6678
2999
720
1686
7834
7368
5522
1748
8936
9496
2264
165
4423
8261
9549
9170
1880
8172
4033
8823
9200
8365
4034
612
9245
9905
4160
4645
1492
461
5046
1835
9270
2495
3522
9250
6443
6557
127
1195
8673
3200
5727
758
4775
99
8973
7537
447
7421
8591
9807
7759
4435
2899
2159
6968
2951
9000
5103
7763
6942
4668
6897
1937
4943
5621
511
5653
5319
9036
2732
463
554
74
772
9776
9619
8896
2145
1056
6510
2480
9579
3726
8835
2219
2838
9524
3377
5581
998
8647
7620
1933
6013
2119
278
8055
5287
1863
6526
7856
9328
9948
2990
4280
3277
215
3147
4444
9090
3533
1762
6199
3795
7337
780
8772
1148
5494
2310
9419
9130
892
2455
871
4105
1712
5867
6892
8799
8095
6111
355
213
3525
4292
1026
3029
6647
5648
1249
4817
6281
7424
4886
5778
8362
5566
5172
8439
6940
9965
6030
5803
3513
1040
2325
5819
8931
3113
9822
423
5903
8302
9335
7493
3033
4676
8780
7012
870
2269
6388
958
1589
5351
3569
8728
2508
8825
4307
368
4627
4244
3368
6645
7565
629
7683
7241
6398
4126
5733
1318
7610
1719
5358
3259
2478
9481
7736
8857
1478
2213
1398
7331
2950
9142
5043
3705
1221
8025
5388
8549
924
311
1641
1857
8110
110
9620
9183
3754
8090
9300
1587
1360
435
2765
6142
9141
4458
9853
9030
9986
3301
319
2156
9279
9399
5583
782
2651
1597
1778
8702
9424
9266
6930
967
5677
9542
2176
7041
9319
7313
8384
9588
4083
761
3223
3252
3435
7692
9667
4877
9383
2206
5623
5749
8866
9158
6591
9729
4799
695
991
8379
2823
7315
4953
809
34
7983
6465
6629
2118
2471
4000
9291
9120
9488
4075
7931
5025
595
1016
9791
7200
1823
4056
454
4030
2629
6255
1814
6333
7992
4250
3772
9256
4340
9835
3329
5149
3758
7025
5638
6065
1491
4531
5381
4842
3394
9415
8524
9517
36
1963
9936
198
7813
5321
1897
6775
2146
5041
8430
3446
3353
1194
7214
6083
1849
5291
9934
3018
7125
3641
2033
5987
9743
6660
2228
2757
2178
5020
8329
7808
1438
6058
1767
7011
8630
4631
3658
6836
783
6008
1730
6611
1104
8838
7993
4646
6041
7510
2280
4978
9272
1135
848
2696
9394
9318
4399
8071
243
184
1557
101
8018
475
8855
1600
393
5424
1651
1100
9999
465
5376
8291
5481
345
6849
5210
2128
5921
9886
6456
3409
852
9315
826
348
4146
9546
1439
4993
9241
1061
8677
6901
2003
5412
7148
7782
7333
9556
8266
6358
1048
1865
398
8146
1517
2947
7036
8698
3997
9632
3323
8807
6986
6396
7595
1313
3327
6938
2702
4482
4530
9763
3868
9813
3056
5721
2908
6582
2451
1256
8926
1173
8150
1432
1869
4216
9416
6190
9384
3748
7622
2519
9664
5706
6978
7211
8930
8140
1488
6794
4455
5174
9879
6668
4431
154
3508
7871
9637
9624
8245
2164
7233
5048
3813
4916
8054
5995
7100
1171
3779
2349
5940
2587
5312
5602
8947
279
6712
1384
7818
2677
119
1669
5820
2952
8571
8099
6163
1732
7265
582
3240
1801
8724
6729
7776
3516
9213
263
6494
9192
280
3561
7774
1417
4013
9418
290
830
1978
8938
5230
3808
3084
3186
6812
4711
1082
1543
4610
1343
5713
7500
1662
1678
9031
946
3364
7242
4637
6459
8804
3609
9295
8214
5340
7703
481
2918
8255
8560
6596
7350
7217
4029
6851
6463
8529
1909
5425
8814
6369
86
4342
9307
8785
6857
7263
214
4856
525
5258
863
4003
6009
8798
4743
1883
5837
3538
7803
6262
7471
8257
1078
9361
5050
4108
1635
7143
2941
218
7373
1331
366
2930
4498
7298
2207
7191
1349
8719
8868
5214
4104
292
3874
4720
8294
7223
1333
7590
8981
8729
8850
8688
1691
4612
9806
7023
6790
832
7713
3139
1123
4614
7827
8348
450
1305
8790
6
1112
8451
8826
2936
6406
8714
2671
1076
8894
7684
3794
3304
6427
307
4653
542
24
4736
5157
6399
7094
5386
3570
1934
667
5523
607
2705
2623
6861
1444
8738
2186
9284
6918
3907
7179
3655
1838
9611
5929
320
2800
4432
6889
3830
9767
6447
7290
790
2404
9860
9509
4283
8818
7922
575
2569
9553
5289
6182
900
2675
969
3646
8098
1088
5405
3484
9273
6636
2810
5996
7410
1642
3987
559
5600
6070
8159
3074
4328
8576
913
8112
9902
146
2461
6301
7245
2327
3201
494
5457
8849
8732
4419
8400
960
5472
9544
8368
9764
6326
5459
4516
6788
2262
8338
6995
4845
2699
4078
4931
2189
3967
7753
1248
1794
7434
9577
6135
7998
4721
6374
8414
5626
2583
236
1710
2927
317
1845
2111
9796
2833
8809
654
6042
2689
3799
8942
4941
7894
6876
6917
6501
3237
4145
7469
220
1483
6895
7668
9234
7053
6551
3834
2960
5344
5240
4855
4894
2209
7925
8029
7446
1208
8038
8632
6782
9929
3544
471
6752
9230
2047
836
2706
358
7316
5976
487
4460
9343
4462
1144
8795
5872
1485
6452
5705
9543
6888
1500
8026
9761
7609
7042
203
1960
4771
1414
9385
5406
4535
9434
5701
6081
3440
9723
3280
2201
9490
3444
4417
1832
701
2346
9504
9146
5349
5243
4714
7022
3013
387
7412
5202
2962
6771
6063
5448
5863
1168
4409
2032
1553
2332
1201
8867
2628
905
413
9306
6723
7723
7133
5096
1192
6145
1012
1157
8613
5949
9485
164
7517
1650
7059
4452
5090
4453
9249
7488
7715
1089
9138
9465
8761
7015
2711
7890
587
8736
8056
7359
6555
3732
8939
631
7297
7321
9739
4846
6797
633
5926
6519
246
7854
8389
4552
3413
6205
5101
6716
3382
5449
6440
7956
8004
8030
6119
4302
225
7642
6506
7248
536
2622
9871
492
2751
3292
3894
9448
6141
5346
5683
6527
7672
6011
6105
9018
7851
2761
4852
7235
668
6913
9922
2472
477
7799
469
723
4579
8074
4790
4317
9013
9762
476
3507
160
5990
9599
2238
8024
5541
3865
7561
4716
8169
7393
2448
1876
1329
5474
7204
8118
9870
8452
7021
6354
1759
9810
4135
3826
2192
6958
9427
5188
5234
7285
9669
3657
3749
9852
5667
642
4392
997
7689
4800
8480
2048
4357
1479
9493
3765
4913
8659
8369
7592
1413
7136
5141
6997
952
2400
658
4314
6926
2916
6174
3226
3397
1942
8515
823
6840
2185
3578
9573
2410
3089
2414
4983
4299
8863
7810
168
6357
2932
1215
5492
72
9294
7963
6854
4712
6894
3021
6116
1804
3803
6885
3116
9040
2331
5150
4532
9832
5445
4439
5999
8797
7051
3156
2338
1250
611
9471
1760
641
764
8317
5402
4235
6322
5282
7841
5414
6461
4815
9881
4923
4603
1616
1127
2773
3491
8676
6563
7423
2529
7839
7647
3509
1827
5539
9798
473
7549
4356
3096
2989
3844
6522
6019
2850
714
7475
7018
6681
4619
8956
1777
2070
6414
27
3722
2889
8954
2631
4406
5217
4781
8183
2405
6834
5195
2258
8258
4896
2169
2944
7058
7364
1050
1687
3877
8060
7453
3404
1519
83
2935
5916
7769
6288
6600
6698
1607
7991
1720
3115
7187
546
9874
3076
3106
3429
466
4273
5589
4999
4191
2174
8131
8363
9975
637
2102
194
6779
1482
8036
5644
3044
3028
7145
2562
2924
4755
2893
8546
6549
5823
6173
1501
9557
2130
7129
5864
4316
6904
9893
6449
1219
138
1833
4805
1029
6567
1069
4981
5159
8561
7395
7031
5560
9372
6648
1908
5182
5821
4352
7980
7195
4268
5658
9182
483
5117
1701
6993
3652
1912
9617
73
5635
5296
8349
687
779
6438
9817
5585
3109
3415
7201
3064
9678
3934
3008
6016
4138
3424
444
7440
8644
7352
4573
364
9627
8992
6341
6651
9941
2417
5193
7765
3668
9311
5162
235
9089
4386
1296
26
9707
5462
4141
2680
5986
1242
4065
3650
8083
7044
3709
6391
4925
1878
1795
3862
3305
6325
8224
177
6140
4332
5869
7681
1495
5959
3385
7327
7038
989
532
956
3542
6001
6435
7675
2137
6735
8221
8471
8387
6084
2312
9204
859
5568
8934
7267
5309
7744
6466
9896
9748
4611
9872
7905
7823
9157
5034
3568
9021
7804
4070
5352
8116
5512
6056
893
7729
6875
285
4134
9541
5247
6676
8827
7527
3762
337
3080
5235
4404
3184
5797
6492
2963
6168
9425
9983
4651
5324
5204
6259
2805
4533
7964
741
7515
6271
3085
4165
8342
7442
2386
878
499
6507
4693
2542
1405
9217
1471
5265
3562
256
6029
7784
4688
3598
6344
7116
643
1385
3355
1458
9801
9122
828
3563
3924
3527
8128
6128
735
362
5710
4503
2125
452
9438
3601
3756
8488
4870
4333
6970
6964
237
9535
8462
9476
4325
9075
1408
6052
943
2884
7084
3066
4132
766
8322
6475
1382
6493
919
9567
4831
3778
7756
7180
7641
9232
9976
8174
5062
7113
4750
8269
2447
9081
8941
9032
9603
3070
6984
894
5239
8722
6202
5098
2555
653
889
5484
7960
9786
5151
1136
5942
3761
9825
1244
802
2627
9760
5894
1505
2693
4193
1631
7975
4167
2869
3885
2023
8774
6616
7705
6829
8658
4763
3411
3351
1844
8675
8550
3232
5726
8574
8689
1132
1958
5140
5943
5694
6770
9687
4635
3747
6130
3587
1734
8786
7454
8057
3036
9079
5907
7718
2984
842
9136
8639
6072
4166
2179
6187
3700
7387
4397
8002
6671
7752
4756
257
953
636
8584
3398
4741
8175
6981
1448
2367
4054
827
5223
6646
8094
1480
774
9737
6776
8185
1807
7731
7664
8889
6902
5741
8142
9625
6620
1496
7547
9803
5266
2196
4682
6602
2226
6155
381
9339
3948
4839
6626
7826
2854
8278
5374
9348
4494
8829
409
2708
4422
4286
1622
5082
2788
7067
7402
1509
4220
1054
7698
6631
8834
3340
3537
707
8656
6386
5974
4102
8629
3290
4036
8473
2872
6254
6992
6931
6460
4838
2273
3982
1826
4387
9023
7097
6246
1493
4196
1063
451
5241
8130
2078
8713
3337
9392
1648
6161
4609
9145
5389
512
7403
8411
3931
1247
8752
7181
881
829
8586
2382
7376
7034
4907
8503
7717
3129
4442
8922
9259
4330
9038
1690
4940
8377
4967
4807
46
1039
6133
7891
8741
2277
480
4099
5154
1487
372
2719
149
3818
788
5407
7821
8543
801
6809
1704
2742
2561
8810
2443
9437
161
781
8595
6871
716
9456
855
3703
3783
7489
2374
7962
1576
3904
6069
688
6282
0
7230
5184
3604
9293
3727
7658
7284
5272
9521
9866
8240
3188
302
5399
4998
8720
9421
3134
5304
8355
8237
9212
8611
9531
1515
6946
1917
2009
5825
7485
2044
6727
8268
8650
8756
8594
8687
4251
1347
4888
3462
4629
1531
2074
6916
5359
2667
1898
6339
7189
2636
7585
3841
9458
3009
3879
4934
9708
8701
5292
9859
8230
8082
8540
1311
9959
5521
1118
6819
8504
1850
1450
1111
8962
6212
8854
4600
3264
4479
6518
2496
7367
9457
850
1682
6684
738
5558
7325
1770
3817
8735
968
489
3025
8927
9885
1715
9484
2729
7396
1555
1474
5997
14
7981
7524
7019
6087
134
9264
2743
2903
7636
69
51
426
9321
3619
5759
1990
1968
6682
2552
3199
416
6610
6340
9152
4918
3178
3420
421
9585
7673
6603
8157
6015
7345
3461
2539
5559
9816
4973
3996
4879
5880
7419
9164
615
2072
1800
6395
4378
4441
373
4938
2873
9918
5693
8539
4778
5761
1797
5166
2381
9393
9197
4638
2337
1546
6789
4930
4740
8391
2406
9857
2347
2755
5937
3489
2085
2682
3501
6725
9017
4572
3406
9626
9494
8335
2864
2435
40
822
8280
3784
3246
4451
4539
4018
3944
3483
2594
927
6988
4187
4987
8167
9095
2848
4606
4113
4425
9322
9719
8817
8642
2738
4080
8364
8001
2127
6151
1858
978
6355
8831
1371
9909
269
1593
5010
8661
7430
1429
7378
6450
7697
5513
3674
5780
1601
507
7047
1402
6980
2634
114
5574
7947
140
5303
2257
5068
37
5089
5488
6544
3108
1071
6269
1574
8042
1317
5114
5563
1867
1053
5818
883
2940
3275
3970
204
8859
2147
9576
2592
6245
6467
1498
3930
5153
205
7601
9514
2520
5927
7828
2851
5573
7273
1792
1083
2412
7742
7740
2553
5297
7849
1659
7212
7062
6455
5684
8137
9043
7328
2953
95
1367
6454
8660
3897
9755
2759
1615
5364
3371
9969
9777
3499
3285
3510
8358
71
9772
5430
41
1522
6656
4510
1193
1996
8008
7948
4762
2713
3472
3065
7361
4924
30
7370
4005
810
674
7448
606
561
155
293
8631
4834
7264
6689
8743
5720
9898
289
7418
849
8770
7483
6726
8037
7653
1874
986
1723
3630
6123
2700
106
9636
1943
1422
8114
9467
84
5404
5478
7934
6231
7169
1765
9862
9910
1681
1217
519
5331
21
5400
1822
8739
1619
2215
2530
2679
152
676
3530
6167
1924
6532
4153
1140
2760
2200
7358
425
3465
2522
2625
5546
9957
3458
7086
7560
6625
9356
4057
5930
3768
1841
8580
4565
624
186
196
6504
6999
6462
7861
2287
4536
190
3104
8762
180
8816
4405
2370
9602
4889
5334
8215
1341
2657
8808
9068
4526
9778
5365
9316
4922
5857
3254
79
8662
4581
9297
7690
315
1580
2497
7278
3460
4326
7171
8475
6156
8420
6043
2797
7546
9694
4464
3389
6768
5350
5564
8483
3334
6658
1081
3330
4744
6989
5192
6010
6825
4150
9283
578
3265
8077
879
1979
6731
7712
8051
6040
6783
2722
3152
4669
1667
1190
1359
4622
7596
9386
2866
371
8813
9240
7106
7519
185
5498
1585
9480
8940
6476
752
4566
3476
9046
491
3820
9594
540
3941
702
9908
7343
8133
3742
5830
8779
8126
5118
9768
8197
5032
6007
715
2420
3402
5671
8955
1361
2098
4114
2716
1652
7994
351
4100
2229
6273
1688
4785
13
6318
9551
8636
1923
3262
4786
6352
2274
4914
9527
7090
7824
6814
5941
8730
6213
2664
3095
5882
8759
4236
7633
5283
6813
4595
9955
2049
6672
4613
2469
1603
7640
3045
5295
1973
2235
3133
2323
1036
6848
6330
129
3383
2319
4229
9254
338
4313
4315
2906
2094
7033
5687
2134
8378
3702
5441
3370
6951
8787
6542
231
698
7310
3268
5437
5878
2784
2028
6529
318
7915
2942
3988
3126
1130
5056
9710
1466
5862
8599
3689
8108
1460
1001
3556
5045
4681
926
4804
971
6890
7870
4147
6963
1783
2844
6717
7805
3567
2240
9332
909
4459
8862
4683
2081
2586
8457
6274
288
9552
5493
9856
4418
4757
8564
8501
6431
2276
572
6643
6952
6491
6222
2756
7904
4410
6637
4515
1671
5757
7251
7889
933
9722
6746
2544
5285
5115
573
8986
8575
4231
1731
7
2792
5040
4875
570
787
602
5440
6121
8874
8846
948
478
1752
7074
3111
300
7207
816
2591
2676
9561
9149
5807
1796
4513
1175
3057
8690
5876
2093
4331
9186
6032
3521
9774
7511
9083
7850
2195
9380
2444
5932
8597
9010
448
6376
5232
5044
2060
3352
1477
2661
2299
7761
2502
6050
2062
1645
2832
839
6094
4912
6300
7457
2335
8177
6923
7234
1332
3595
4177
9310
6520
4289
2758
7229
2423
9277
3693
8997
4115
6268
8314
1379
8297
3072
9338
8234
9587
1982
6754
5317
6051
6192
2132
7492
9225
91
5841
8749
1824
8944
6979
7498
5716
9666
4149
2704
1879
1892
3183
8912
4198
4589
1855
9795
9388
126
9851
1716
380
8319
6808
9510
1520
4168
3270
7250
3721
6244
327
3140
8417
1287
8906
2571
1938
6228
5005
786
744
7569
6539
7394
7694
7182
9134
1548
9065
2920
5039
1047
4123
2121
6114
3971
3848
3612
3289
3007
6303
7739
2741
899
9906
4295
3478
9904
9684
8758
1899
7778
6099
8406
4081
1532
3235
6974
4227
2538
6920
5792
5306
7746
5843
4962
4320
187
6642
4927
8789
7748
1540
3792
2749
7072
6632
8288
2221
940
3719
7936
1015
2284
1134
8635
4569
4398
7336
3203
7288
9330
3027
1819
2006
5460
6767
6877
9920
9566
3558
3710
8516
7945
3798
8385
195
2487
9202
2468
1534
4990
6368
6154
4434
1174
605
9883
42
8670
2546
8049
3912
2993
9446
2363
7005
4495
7665
1091
4773
6305
9440
1312
5176
549
4051
4602
2217
5000
2668
7940
497
818
5662
1160
598
6480
9317
11
3616
6707
4522
3014
2364
665
5023
1793
5910
5753
2858
9208
616
5811
8023
954
545
4548
7866
1818
122
8341
1264
8410
3244
3042
8032
5413
3875
5371
1753
2972
3529
9373
8249
2067
8878
3860
2166
3451
6338
3105
538
8394
1950
4222
5076
4900
2721
3344
6237
5529
2225
4797
2821
3266
3391
2082
2870
1065
2066
2054
7346
3739
1995
7386
4577
7000
2013
1637
1342
5675
2088
4496
1096
7445
4883
1598
3248
7696
9045
5147
1366
9502
9155
6092
8482
6745
6615
7662
2813
2695
4031
8096
2957
6846
2249
8638
8921
8646
3497
2681
1577
4276
9887
5300
2728
9066
6179
1964
3464
350
2616
588
8548
1750
3680
9746
4152
7544
7030
2526
8980
4304
6062
4718
3075
5237
1706
5526
3840
9793
957
1952
2513
3950
314
6954
7060
8840
2753
2160
2183
4626
7384
7545
9940
9205
1030
6275
1815
757
4546
9753
680
7930
9078
5859
3396
8265
7371
662
7990
2969
1055
3605
1582
2243
4932
6335
3170
8290
9364
8725
294
8851
4874
6086
7843
8601
7812
3802
3708
7006
7919
5487
9028
322
7599
6971
8911
3922
5443
7635
8625
5654
5463
1197
9779
2142
4016
2857
8070
9014
9846
4001
5122
2129
8949
2413
9390
6599
9821
9954
3051
3908
7982
1354
4038
9353
5794
6609
6669
9808
2643
5079
4395
8606
5003
1200
689
5913
6276
5909
6124
2670
3271
8943
131
9574
2393
8085
9278
9958
619
6838
3949
6523
6662
9472
397
9897
8848
286
1060
4230
2946
9935
3416
6215
1921
3691
4969
5268
2748
9006
7472
6898
9605
5781
7892
2771
4
2322
9609
6110
1693
1008
8101
7363
3954
3898
638
9177
8965
993
7604
522
9654
6270
9469
2996
9912
9651
1640
7876
3599
7289
7428
9460
7351
5231
1007
6706
115
5736
8313
9973
5387
4045
8102
4793
1232
3622
4163
7974
7501
1726
5327
6558
3548
5156
4664
6867
7039
1494
209
1119
7490
5703
331
7122
9337
4447
2296
5128
5127
2359
5766
7152
3965
8178
6804
1521
2603
7305
8726
6998
6773
4850
5708
1913
2575
9077
4642
6023
9607
1352
2684
5390
6457
121
1528
6285
1738
8179
6708
6577
1204
4713
5565
8327
8144
5968
1150
7458
2080
2860
6823
6815
9131
2065
8685
9895
2087
7509
6332
6595
7814
2646
4323
6293
8716
1437
4867
9988
6828
1241
7882
9327
9648
8250
6127
5950
6103
4339
8435
7637
9749
7170
9238
8339
5755
5171
2779
5631
7463
5408
7080
8700
4035
6055
6014
3774
5451
3807
9593
4508
3626
5601
2190
5175
7026
3308
8381
7232
6587
3442
3067
8374
9635
5372
2104
4281
6941
5511
898
4159
5132
6955
625
9875
2550
1108
7967
6624
8375
9608
8913
6638
518
4620
9736
7190
5655
1120
4745
3498
7392
1072
1017
9184
8880
5338
1102
6613
3866
5294
8405
3231
4519
4708
8190
8892
328
7869
2012
8877
2171
7300
3519
4989
2554
5255
3752
2710
5799
8800
9402
1718
8331
3654
5421
8303
4088
9672
8776
4672
608
1947
524
5033
5205
1005
755
9676
4702
2922
858
6630
2188
7576
239
1711
8518
8920
9701
2725
3590
9781
7415
4429
2626
1907
1212
379
9042
1304
6512
4413
4884
5197
3586
87
242
334
8281
5148
1588
3112
9124
7788
2248
1226
4179
5336
3167
1945
9604
5436
6721
4957
6172
453
9074
1685
3309
4337
4284
2928
80
728
5765
6106
1860
6786
2968
5178
2021
853
7927
8641
8958
2650
2535
8352
8078
405
3043
8499
4862
8587
4290
7096
365
1292
2059
2740
708
1090
2042
9195
4810
7910
5392
3087
1700
9818
1266
5507
4706
5107
7465
9831
884
4351
6278
6850
7347
6409
6864
7303
7348
6728
6517
8466
3636
3985
2216
9996
7379
8033
3937
8046
574
9180
9011
1599
3811
5816
8367
6699
2687
7783
3176
8357
6362
9127
4011
9404
2030
4457
